[INFO] evaluating network...
              precision    recall  f1-score   support

           a       0.96      0.67      0.79       107
           b       1.00      0.99      0.99        95
           c       0.87      0.51      0.64        67
           d       0.95      0.83      0.89        71
           e       1.00      0.60      0.75        68
           f       0.98      0.85      0.91        75
           g       0.74      0.50      0.60        70
           h       1.00      1.00      1.00        56
           i       0.93      0.95      0.94        57
           j       1.00      0.41      0.58        49
           k       0.23      1.00      0.38        15
           l       0.98      1.00      0.99        49
           m       0.86      1.00      0.92        49
           n       0.44      0.97      0.61        40
           o       0.61      0.90      0.72        51
           p       0.95      1.00      0.97        52
           q       0.62      1.00      0.76        48
           r       0.46      0.98      0.63        45
           s       1.00      0.33      0.50        48
           t       0.50      0.91      0.65        46
           u       1.00      0.54      0.70        50
           v       0.56      0.65      0.60        54
           w       0.90      0.41      0.57        46
           x       0.85      0.79      0.82        52
           y       0.84      1.00      0.92        49
           z       0.90      0.23      0.37        39

    accuracy                           0.77      1448
   macro avg       0.81      0.77      0.74      1448
weighted avg       0.85      0.77      0.77      1448