[INFO] evaluating network...
              precision    recall  f1-score   support

           a       0.84      0.95      0.89       107
           b       0.92      0.98      0.95        95
           c       0.98      0.90      0.94        67
           d       0.49      0.55      0.52        71
           e       0.97      0.88      0.92        68
           f       1.00      0.91      0.95        75
           g       0.84      0.51      0.64        70
           h       0.98      1.00      0.99        56
           i       0.86      0.98      0.92        57
           j       0.90      0.39      0.54        49
           k       0.33      1.00      0.49        15
           l       1.00      0.98      0.99        49
           m       0.91      0.98      0.94        49
           n       0.93      0.97      0.95        40
           o       0.86      0.59      0.70        51
           p       0.93      0.96      0.94        52
           q       0.44      0.56      0.49        48
           r       0.41      0.29      0.34        45
           s       0.87      0.42      0.56        48
           t       0.98      0.93      0.96        46
           u       0.52      0.88      0.66        50
           v       0.48      0.57      0.53        54
           w       1.00      0.80      0.89        46
           x       0.65      0.98      0.78        52
           y       1.00      1.00      1.00        49
           z       0.47      0.21      0.29        39

    accuracy                           0.79      1448
   macro avg       0.79      0.78      0.76      1448
weighted avg       0.81      0.79      0.78      1448