[INFO] evaluating network...
              precision    recall  f1-score   support

           a       0.89      0.97      0.93       140
           b       0.99      0.97      0.98       140
           c       0.74      0.94      0.82       140
           d       0.69      0.92      0.79       140
           e       0.66      0.96      0.78       140
           f       0.93      0.65      0.76       140
           g       0.61      0.68      0.64       140
           h       0.97      0.91      0.94       140
           i       0.60      0.96      0.74       140
           j       0.60      0.22      0.32       140
           k       0.75      0.91      0.82       140
           l       0.92      0.96      0.94       140
           m       0.75      0.97      0.84       140
           n       0.78      0.71      0.74       140
           o       0.94      0.56      0.70       140
           p       0.77      0.92      0.84       140
           q       0.68      0.59      0.63       140
           r       0.97      0.41      0.57       140
           s       0.91      0.29      0.43       140
           t       0.97      0.82      0.89       140
           u       0.63      0.83      0.71       140
           v       0.87      0.79      0.83       140
           w       0.70      0.99      0.82       140
           x       0.92      0.89      0.90       140
           y       0.51      0.62      0.56       140
           z       0.93      0.59      0.72       140

    accuracy                           0.77      3640
   macro avg       0.80      0.77      0.76      3640
weighted avg       0.80      0.77      0.76      3640

Accuracy on test data: 76.97801971435547 %
Average loss on test data: 1.3570746714870134