[INFO] evaluating network...
              precision    recall  f1-score   support

           a       0.89      0.71      0.79       140
           b       0.88      1.00      0.93       140
           c       0.58      0.92      0.71       140
           d       0.72      0.55      0.62       140
           e       0.87      0.55      0.67       140
           f       0.82      0.55      0.66       140
           g       0.39      0.71      0.51       140
           h       0.92      0.83      0.87       140
           i       0.63      0.57      0.60       140
           j       0.38      0.27      0.32       140
           k       0.14      0.24      0.18       140
           l       0.97      0.75      0.85       140
           m       0.43      0.58      0.49       140
           n       0.65      0.46      0.54       140
           o       0.93      0.29      0.45       140
           p       0.67      0.81      0.73       140
           q       0.74      0.51      0.60       140
           r       0.93      0.29      0.44       140
           s       0.45      0.36      0.40       140
           t       0.67      0.68      0.68       140
           u       0.43      0.74      0.54       140
           v       0.23      0.31      0.26       140
           w       0.54      0.41      0.46       140
           x       0.52      0.58      0.55       140
           y       0.65      0.68      0.66       140
           z       0.45      0.57      0.51       140

    accuracy                           0.57      3640
   macro avg       0.63      0.57      0.58      3640
weighted avg       0.63      0.57      0.58      3640

